145,118,232,208,1.000000
145,118,232,208,0.995457
145,118,232,208,0.984751
145,118,232,208,0.983774
145,118,232,208,0.986022
145,118,232,208,0.992042
146,118,233,208,0.938771
147,118,234,208,0.810283
147,118,234,208,0.843453
148,118,235,207,0.722263
148,118,235,207,0.742374
148,118,235,207,0.761085
148,118,235,207,0.767941
148,118,235,207,0.742979
147,118,234,207,0.878459
147,118,234,207,0.889546
147,118,234,207,0.881396
147,118,234,207,0.868605
146,118,233,207,0.902898
145,118,232,207,0.828837
141,117,226,204,0.818846
135,117,218,202,0.881706
120,115,202,199,0.863459
112,115,192,197,0.661493
103,115,183,197,0.648340
88,116,168,198,0.704392
80,117,159,198,0.702913
72,119,150,199,0.709650
69,119,146,199,0.748854
69,118,145,197,0.760243
76,113,152,192,0.739820
90,107,164,185,0.642327
107,100,181,178,0.720020
117,95,191,173,0.728466
132,89,207,168,0.762128
140,84,217,165,0.752434
148,78,225,159,0.647331
151,76,227,156,0.612653
148,77,224,157,0.612466
143,78,218,157,0.597387
136,79,210,157,0.598577
126,82,198,158,0.595132
119,84,189,158,0.587808
118,87,187,159,0.568984
121,91,189,162,0.578264
129,99,195,167,0.571299
133,101,197,167,0.565853
139,100,203,166,0.583027
143,102,207,168,0.609923
149,104,212,169,0.611176
152,100,216,166,0.585587
154,101,218,167,0.572792
155,98,220,165,0.517232
156,98,222,167,0.513811
156,99,222,168,0.530900
155,100,221,169,0.552322
154,101,221,171,0.564396
154,102,221,172,0.562176
153,104,221,175,0.553155
153,106,220,176,0.467770
153,109,219,178,0.407527
152,111,219,181,0.411183
151,112,218,182,0.477187
146,111,213,181,0.564467
141,110,208,179,0.609069
139,110,206,179,0.686656
139,108,207,179,0.668772
142,105,212,178,0.697413
144,102,216,178,0.697518
148,98,223,177,0.706999
152,95,229,176,0.682293
157,91,236,175,0.680073
160,88,241,175,0.657107
159,86,241,173,0.669174
152,84,235,172,0.687486
147,86,228,171,0.681691
134,89,213,172,0.688303
117,92,196,175,0.643170
102,96,179,176,0.719560
88,98,164,176,0.742191
80,100,155,177,0.700969
77,102,151,178,0.714134
78,103,151,178,0.711425
81,103,154,178,0.725185
89,102,162,177,0.726455
102,99,176,176,0.696133
116,97,191,175,0.692758
129,95,205,174,0.653360
141,93,218,174,0.637634
152,91,230,173,0.668325
158,91,237,174,0.768214
161,91,239,173,0.765397
157,91,235,173,0.810303
149,91,227,173,0.766270
133,90,212,173,0.765031
124,90,204,173,0.690773
114,91,193,173,0.634701
106,91,186,174,0.679800
101,92,180,174,0.676038
102,93,180,174,0.688564
109,93,186,173,0.664296
117,91,196,173,0.717041
128,91,207,173,0.757829
143,90,223,173,0.787496
159,90,239,172,0.772008
169,90,248,171,0.761446
172,89,252,171,0.698317
175,89,254,171,0.590807
174,89,252,170,0.582747
170,90,248,171,0.527233
161,90,239,171,0.550278
152,90,230,171,0.572268
143,90,222,172,0.638700
132,92,211,174,0.607385
126,92,205,174,0.683818
122,91,202,174,0.714030
119,92,198,174,0.657889
118,92,197,174,0.688424
120,92,199,174,0.667317
121,92,200,174,0.696585
122,92,201,174,0.672622
124,92,203,174,0.678647
126,92,204,173,0.699699
128,92,206,173,0.716192
130,93,207,173,0.721708
131,93,207,172,0.727600
130,93,206,172,0.718007
130,93,206,172,0.706567
130,93,206,172,0.711800
130,93,206,172,0.712601
129,93,205,172,0.701118
128,92,204,171,0.722775
128,92,204,171,0.705931
128,92,204,171,0.709492
128,92,204,171,0.704364
128,92,204,171,0.692813
128,92,204,171,0.677802
128,93,204,172,0.656839
128,94,204,173,0.667165
128,94,204,173,0.645039
129,93,205,172,0.675064
131,93,208,173,0.680952
139,93,215,172,0.710641
145,93,222,173,0.760478
150,92,228,173,0.768863
156,92,233,172,0.790007
160,92,237,172,0.760699
164,91,241,171,0.745054
163,90,241,171,0.733011
158,90,236,171,0.747578
150,90,227,170,0.773330
138,91,214,170,0.777275
125,92,201,171,0.738732
110,95,185,173,0.663514
100,96,174,173,0.756575
94,98,166,173,0.699581
91,98,162,172,0.728849
95,98,165,171,0.738519
106,96,178,171,0.744151
114,95,186,170,0.689603
132,94,205,170,0.815554
147,92,221,169,0.810251
161,91,235,168,0.674392
175,91,249,169,0.553162
181,91,256,170,0.532208
182,91,258,171,0.513850
178,91,254,171,0.531227
170,90,246,170,0.558720
155,88,232,168,0.671560
142,89,218,168,0.681971
122,90,197,168,0.743759
113,91,189,170,0.740612
102,92,179,172,0.751419
94,93,170,172,0.763990
86,94,162,173,0.820681
84,94,161,174,0.761580
85,93,162,173,0.763042
87,92,165,173,0.710774
93,92,171,173,0.765624
101,91,179,173,0.823681
110,90,189,173,0.772595
122,90,201,173,0.758706
128,90,207,172,0.804643
134,90,213,172,0.802584
139,90,217,171,0.801482
141,90,219,171,0.857035
141,90,218,170,0.852866
141,91,217,170,0.823878
139,91,215,170,0.822558
136,91,213,171,0.776039
135,91,212,171,0.787848
135,92,212,172,0.793036
134,92,212,173,0.777204
133,92,211,173,0.748017
127,91,206,173,0.733154
123,92,200,172,0.541267
121,92,197,171,0.520198
121,92,197,171,0.556211
121,92,198,172,0.608328
123,92,201,173,0.682820
130,92,209,174,0.711468
136,92,215,174,0.618028
139,93,216,173,0.587447
139,93,216,173,0.570825
NaN,NaN,NaN,NaN,NaN
NaN,NaN,NaN,NaN,NaN
NaN,NaN,NaN,NaN,NaN
NaN,NaN,NaN,NaN,NaN
NaN,NaN,NaN,NaN,NaN
NaN,NaN,NaN,NaN,NaN
NaN,NaN,NaN,NaN,NaN
NaN,NaN,NaN,NaN,NaN
127,82,214,172,0.617736
117,82,206,175,0.494645
115,82,205,176,0.505473
116,81,208,176,0.513255
116,81,208,176,0.528872
116,81,208,176,0.537198
117,81,209,176,0.580114
118,81,210,176,0.605508
119,81,211,176,0.622807
120,81,212,176,0.635688
129,81,221,176,0.589316
NaN,NaN,NaN,NaN,NaN
NaN,NaN,NaN,NaN,NaN
NaN,NaN,NaN,NaN,NaN
NaN,NaN,NaN,NaN,NaN
NaN,NaN,NaN,NaN,NaN
NaN,NaN,NaN,NaN,NaN
NaN,NaN,NaN,NaN,NaN
NaN,NaN,NaN,NaN,NaN
NaN,NaN,NaN,NaN,NaN
NaN,NaN,NaN,NaN,NaN
NaN,NaN,NaN,NaN,NaN
NaN,NaN,NaN,NaN,NaN
NaN,NaN,NaN,NaN,NaN
NaN,NaN,NaN,NaN,NaN
NaN,NaN,NaN,NaN,NaN
NaN,NaN,NaN,NaN,NaN
123,117,140,134,0.657908
148,92,220,167,0.538612
135,91,212,171,0.571607
132,92,207,170,0.578486
130,93,204,170,0.628604
129,95,201,170,0.672823
129,96,200,170,0.656336
128,98,198,170,0.615620
128,101,198,173,0.586234
128,103,198,175,0.676515
130,105,198,176,0.647346
131,107,198,177,0.638188
132,108,197,176,0.588619
133,109,197,176,0.539193
134,110,196,175,0.544810
134,110,195,174,0.562322
135,109,197,174,0.572823
135,109,197,174,0.593470
135,109,198,175,0.578293
135,108,199,175,0.557343
136,108,201,176,0.574097
137,108,203,177,0.568148
138,107,205,177,0.569195
140,108,206,177,0.580892
141,108,207,176,0.631189
141,108,207,176,0.613564
142,108,208,176,0.606346
144,107,210,176,0.588600
149,105,216,175,0.585326
157,104,225,175,0.571689
167,104,236,176,0.503777
179,103,248,175,0.478040
182,103,251,175,0.477572
183,103,252,175,0.477226
182,103,251,175,0.472209
176,103,244,174,0.457824
166,103,233,173,0.507427
155,103,222,173,0.620445
143,105,209,174,0.706311
131,106,197,175,0.682881
121,107,187,176,0.691982
113,108,178,176,0.681990
109,109,174,177,0.654299
107,110,171,177,0.681033
108,110,171,176,0.658356
113,109,177,176,0.679069
121,108,186,176,0.631452
128,107,194,176,0.611799
136,107,202,177,0.594111
139,106,207,177,0.572248
144,106,212,177,0.614193
145,106,212,176,0.639729
144,107,210,176,0.625214
142,107,208,176,0.640387
140,107,206,176,0.635358
137,108,202,176,0.556738
125,108,189,174,0.408327
119,109,180,172,0.368714
117,110,177,172,0.354754
119,110,180,173,0.355151
120,109,182,173,0.424355
122,108,185,173,0.471722
123,108,187,174,0.471403
124,108,187,173,0.475741
125,108,187,172,0.473248
126,108,188,172,0.469384
127,108,189,173,0.478297
127,108,189,173,0.483568
127,108,189,173,0.484367
127,108,189,173,0.480859
128,108,190,172,0.481573
128,108,190,173,0.493282
128,108,190,173,0.489077
128,108,190,173,0.483008
128,108,190,173,0.480390
128,108,190,173,0.478242
128,108,190,173,0.482383
127,108,189,173,0.485310
124,109,184,172,0.452847
123,109,183,172,0.447100
124,109,185,173,0.447738
126,108,188,173,0.482902
127,107,190,173,0.496156
129,104,192,170,0.534192
131,94,198,163,0.634008
136,89,202,157,0.591571
139,89,203,155,0.617388
141,89,206,156,0.633339
142,89,207,156,0.613356
143,89,208,156,0.607333
144,89,209,156,0.621214
144,89,209,156,0.574889
144,89,209,156,0.604005
140,93,208,164,0.564414
139,100,207,171,0.587432
NaN,NaN,NaN,NaN,NaN
139,115,199,177,0.517655
139,114,199,176,0.534969
139,113,199,175,0.526922
139,113,199,175,0.531802
140,112,200,174,0.518167
142,111,202,173,0.517183
146,109,208,173,0.523613
150,108,214,174,0.534868
158,104,224,172,0.588439
168,101,236,171,0.511845
177,99,246,170,0.491647
181,98,251,170,0.502820
183,97,253,169,0.556520
179,97,249,169,0.549755
171,96,241,168,0.577662
159,97,229,169,0.692469
144,97,214,169,0.656208
122,98,190,168,0.517992
111,99,177,167,0.534007
106,100,171,167,0.538576
101,100,166,167,0.523964
98,100,164,168,0.531836
101,98,170,169,0.540654
108,97,178,169,0.551974
115,95,187,169,0.731853
121,94,194,169,0.726002
127,93,201,169,0.665723
133,93,207,169,0.565417
136,93,211,171,0.557718
138,93,212,170,0.637720
139,93,214,171,0.718218
140,92,216,172,0.776085
140,92,216,172,0.775140
140,92,217,173,0.789056
140,92,218,173,0.640660
139,92,217,173,0.597927
137,94,214,174,0.605069
136,93,213,173,0.763580
135,93,212,173,0.722663
134,94,211,174,0.714731
133,95,210,175,0.735089
130,94,207,174,0.603648
124,92,202,173,0.549920
118,90,196,171,0.536795
117,90,195,171,0.538632
117,88,196,170,0.549215
118,85,196,166,0.544774
119,82,196,162,0.528906
120,81,196,160,0.511522
121,81,198,161,0.517098
122,82,199,162,0.521985
124,85,202,166,0.567707
128,95,203,173,0.517896
129,102,203,179,0.537358
130,106,204,183,0.482938
130,106,204,183,0.476844
130,106,204,183,0.478997
134,104,209,183,0.564651
142,101,220,183,0.494152
NaN,NaN,NaN,NaN,NaN
NaN,NaN,NaN,NaN,NaN
NaN,NaN,NaN,NaN,NaN
NaN,NaN,NaN,NaN,NaN
NaN,NaN,NaN,NaN,NaN
NaN,NaN,NaN,NaN,NaN
NaN,NaN,NaN,NaN,NaN
NaN,NaN,NaN,NaN,NaN
NaN,NaN,NaN,NaN,NaN
144,92,216,167,0.673166
138,92,210,167,0.610202
137,92,208,166,0.537919
140,94,209,166,0.505707
147,94,217,166,0.541190
157,95,227,167,0.490745
163,95,234,168,0.542913
168,95,239,168,0.506258
172,95,244,169,0.538424
171,95,242,168,0.537929
161,94,232,167,0.554635
148,94,218,166,0.533926
136,96,203,165,0.508115
125,97,192,166,0.487320
113,98,181,168,0.457884
105,99,173,169,0.499758
101,98,170,169,0.521651
100,99,168,169,0.570839
102,100,169,170,0.603664
106,100,172,169,0.670630
112,99,179,169,0.685727
119,98,186,168,0.634216
131,97,199,168,0.718030
143,95,213,167,0.690871
167,93,239,167,0.718682
202,92,276,168,0.777037
236,91,317,175,0.648261
254,92,336,178,0.470560
285,94,368,181,0.388567
300,98,381,182,0.409610
NaN,NaN,NaN,NaN,NaN
NaN,NaN,NaN,NaN,NaN
NaN,NaN,NaN,NaN,NaN
NaN,NaN,NaN,NaN,NaN
NaN,NaN,NaN,NaN,NaN
NaN,NaN,NaN,NaN,NaN
NaN,NaN,NaN,NaN,NaN
NaN,NaN,NaN,NaN,NaN
NaN,NaN,NaN,NaN,NaN
NaN,NaN,NaN,NaN,NaN
NaN,NaN,NaN,NaN,NaN
NaN,NaN,NaN,NaN,NaN
NaN,NaN,NaN,NaN,NaN
NaN,NaN,NaN,NaN,NaN
NaN,NaN,NaN,NaN,NaN
197,92,269,167,0.716439
173,93,243,166,0.690989
151,95,220,167,0.681819
139,95,209,167,0.712038
122,97,192,169,0.781154
114,98,184,170,0.825001
112,98,182,170,0.813431
114,98,184,170,0.745417
112,100,178,168,0.551516
NaN,NaN,NaN,NaN,NaN
NaN,NaN,NaN,NaN,NaN
NaN,NaN,NaN,NaN,NaN
NaN,NaN,NaN,NaN,NaN
NaN,NaN,NaN,NaN,NaN
NaN,NaN,NaN,NaN,NaN
NaN,NaN,NaN,NaN,NaN
117,109,159,152,0.527565
119,108,163,153,0.467205
120,108,165,154,0.493170
122,107,169,155,0.462346
NaN,NaN,NaN,NaN,NaN
133,103,193,165,0.552777
137,101,199,166,0.558652
138,101,201,167,0.533847
138,101,201,167,0.527292
139,100,203,166,0.544087
140,99,205,167,0.611043
140,98,206,167,0.584774
140,98,207,168,0.591940
139,98,206,168,0.578890
139,98,206,168,0.566566
139,98,207,169,0.573211
140,99,207,169,0.563127
140,100,206,169,0.562911
141,101,206,169,0.553791
142,102,206,169,0.556347
142,103,206,170,0.568572
142,103,205,169,0.583894
142,103,204,168,0.554600
143,103,205,167,0.557553
146,103,209,168,0.571546
147,102,211,168,0.574116
149,103,212,168,0.562503
151,104,213,168,0.564465
153,104,215,168,0.590991
153,104,215,168,0.566356
154,104,216,168,0.590640
157,104,219,168,0.601064
161,105,222,168,0.601815
165,106,225,168,0.633755
167,107,227,169,0.647223
168,108,227,169,0.668043
168,108,227,169,0.658923
167,109,226,169,0.667547
166,109,224,169,0.674843
163,109,220,168,0.675765
159,110,216,169,0.676229
155,113,213,173,0.653061
151,116,210,177,0.627866
145,120,203,180,0.545871
144,121,201,180,0.560191
146,121,203,180,0.576944
149,118,205,176,0.578344
151,115,208,174,0.595037
156,112,214,172,0.665198
160,112,217,171,0.635406
160,113,214,169,0.542178
165,116,210,163,0.546312
167,116,207,158,0.494169
172,117,209,156,0.462204
177,117,214,156,0.434221
181,116,219,156,0.490150
183,116,222,157,0.483159
186,115,227,158,0.499205
188,114,233,161,0.502952
188,113,237,165,0.439518
189,113,241,168,0.470326
188,104,248,167,0.444677
188,99,249,163,0.494028
184,98,247,164,0.518667
179,97,243,164,0.557320
173,97,236,163,0.532145
169,98,232,164,0.499839
166,99,228,164,0.504240
166,99,228,164,0.541543
166,97,228,162,0.580967
164,94,226,159,0.620965
162,93,224,158,0.651793
160,92,223,158,0.600575
157,93,220,159,0.559380
155,96,217,161,0.541340
155,97,216,161,0.550014
155,98,215,161,0.576403
154,99,213,161,0.596064
151,100,210,162,0.586492
149,101,209,164,0.616593
148,102,208,165,0.645891
147,102,208,166,0.644892
147,102,209,167,0.657061
147,101,211,168,0.666850
148,101,213,169,0.674959
148,102,213,169,0.636297
147,104,212,171,0.590647
146,107,211,174,0.538020
146,107,211,174,0.571929
147,107,212,174,0.625811
147,105,213,174,0.638719
147,104,213,173,0.640904
146,104,213,174,0.686720
146,104,213,174,0.658104
145,104,212,174,0.656943
144,104,211,174,0.657651
144,104,212,175,0.651133
144,104,213,176,0.670693
145,103,215,176,0.665291
149,102,219,175,0.695595
152,102,223,176,0.763024
156,102,228,177,0.669511
155,101,226,175,0.681968
153,100,224,174,0.689204
149,97,220,171,0.711514
148,97,219,171,0.734968
148,97,219,171,0.713338
148,97,219,171,0.712344
148,97,219,171,0.744378
148,96,219,170,0.743410
148,95,219,169,0.720137
147,94,218,168,0.686936
147,93,218,167,0.698469
148,92,219,166,0.654166
151,91,221,164,0.630974
153,90,222,162,0.589105
153,90,222,162,0.586092
150,90,220,162,0.595452
149,90,219,162,0.609524
145,90,216,164,0.630301
142,92,214,167,0.652303
140,93,212,168,0.704936
139,94,211,169,0.700648
139,94,211,169,0.697307
139,94,211,169,0.709991
139,95,211,169,0.726249
139,95,211,169,0.713932
139,97,211,171,0.678206
139,97,211,171,0.729512
139,97,211,171,0.716929
139,97,211,171,0.703713
139,97,211,171,0.699248
139,97,211,171,0.693871
139,97,211,171,0.685407
139,97,211,171,0.683547
139,97,211,171,0.681551
140,98,212,172,0.684654
141,98,213,172,0.700676
141,98,213,172,0.725021
141,98,213,172,0.706081
141,98,213,172,0.709524
141,98,213,172,0.718329
